[[335, 3457], [336, 3458], [337, 3459], [338, 3460], [339, 3461], [340, 3462], [341, 3463], [342, 3464], [343, 3465], [344, 3466], [345, 3467], [346, 3468], [347, 3469], [348, 3470], [349, 3471], [350, 3472], [351, 3473], [352, 3474], [353, 3475], [354, 3476], [355, 3477], [356, 3478], [357, 3479], [358, 3480], [359, 3481], [360, 3482], [361, 3483]]
[[341, 3655], [342, 3654], [343, 3654], [344, 3654], [345, 3654], [346, 3654], [347, 3654], [348, 3654], [349, 3654], [350, 3654], [351, 3654], [352, 3654], [353, 3654], [354, 3654], [355, 3654], [356, 3654], [357, 3654], [358, 3654], [359, 3654], [360, 3654], [361, 3654], [362, 3654], [363, 3654], [364, 3654], [365, 3654], [366, 3654], [367, 3654], [368, 3654], [369, 3654], [370, 3654], [371, 3654], [372, 3654], [373, 3654], [374, 3654], [375, 3654]]
[[351, 3487], [352, 3486], [353, 3485], [354, 3484], [355, 3484], [356, 3484], [357, 3484], [358, 3483], [359, 3483], [360, 3483], [361, 3483], [362, 3483], [363, 3483], [364, 3483], [365, 3483], [366, 3483], [367, 3483], [368, 3483], [369, 3483], [370, 3483], [371, 3483], [372, 3483], [373, 3484]]
[[353, 3505], [354, 3505], [355, 3505], [356, 3505], [357, 3505], [358, 3505], [359, 3505], [360, 3505], [361, 3505], [362, 3505], [363, 3505], [364, 3505], [365, 3505], [366, 3505], [367, 3505], [368, 3505], [369, 3505], [370, 3505], [371, 3505], [372, 3505], [373, 3505], [374, 3505], [375, 3505], [376, 3505], [377, 3505], [378, 3505], [379, 3505], [380, 3505]]
[[358, 3500], [358, 3499], [359, 3498], [360, 3497], [361, 3496], [362, 3495], [363, 3494], [364, 3493], [365, 3492], [366, 3491], [367, 3490], [368, 3489], [369, 3488], [370, 3487], [371, 3486], [372, 3485], [373, 3484]]
[[367, 3483], [368, 3483], [369, 3483], [370, 3483], [371, 3483], [372, 3483], [373, 3484]]
[[369, 3505], [369, 3506], [370, 3507], [371, 3508], [371, 3509], [371, 3510]]
[[369, 3505], [370, 3505], [371, 3505], [372, 3505], [373, 3505], [374, 3505], [375, 3505], [376, 3505], [377, 3505], [378, 3505], [379, 3505], [380, 3505]]
[[370, 3513], [370, 3514], [371, 3515], [372, 3516], [372, 3517], [373, 3518]]
[[372, 3496], [373, 3497], [374, 3498], [375, 3499], [376, 3500], [377, 3501], [378, 3502], [379, 3503], [380, 3504]]
[[372, 3617], [373, 3617], [374, 3618], [375, 3618], [376, 3618], [377, 3618], [378, 3618], [379, 3618], [380, 3618], [381, 3618], [382, 3618], [383, 3618], [384, 3619], [385, 3620], [386, 3621], [387, 3622], [388, 3623], [389, 3623], [390, 3623]]
[[372, 3617], [373, 3616], [374, 3616], [375, 3616], [376, 3616], [377, 3615], [378, 3614], [379, 3613], [380, 3612], [381, 3611], [382, 3610], [383, 3609], [384, 3608], [385, 3607], [386, 3606], [387, 3605], [388, 3604], [389, 3603], [390, 3602], [391, 3601]]
[[381, 3486], [382, 3486], [383, 3486], [384, 3486], [385, 3487], [386, 3488], [387, 3488], [388, 3488]]
[[381, 3486], [380, 3487], [380, 3488], [380, 3489], [380, 3490], [380, 3491], [380, 3492], [380, 3493], [380, 3494], [380, 3495], [380, 3496], [380, 3497], [380, 3498], [380, 3499], [380, 3500], [380, 3501], [380, 3502], [380, 3503], [380, 3504]]
[[542, 3647], [543, 3647], [544, 3647], [545, 3647], [546, 3647], [547, 3646]]
[[386, 3651], [387, 3651], [388, 3651], [389, 3651], [390, 3651], [391, 3651], [392, 3651], [393, 3651], [394, 3651]]
[[383, 3510], [384, 3511], [385, 3512], [386, 3513], [387, 3514], [388, 3515], [389, 3515], [390, 3516]]
[[388, 3489], [389, 3489], [390, 3489], [391, 3489], [392, 3489], [393, 3489], [394, 3489], [395, 3489], [396, 3489]]
[[388, 3489], [389, 3489], [390, 3489], [391, 3489], [392, 3489], [393, 3489], [394, 3489], [395, 3489], [396, 3489], [397, 3489], [398, 3489], [399, 3489], [400, 3489], [401, 3489], [402, 3489], [403, 3489], [404, 3489], [405, 3489], [406, 3489], [407, 3489], [408, 3490], [409, 3491], [410, 3491], [411, 3491], [412, 3491], [413, 3492], [414, 3493], [415, 3493], [416, 3493], [417, 3493], [418, 3493], [419, 3493]]
[[388, 3606], [388, 3605], [388, 3604], [389, 3603], [390, 3602], [391, 3601]]
[[394, 3520], [395, 3520], [396, 3520], [397, 3520], [398, 3520], [399, 3520], [400, 3520], [401, 3520], [402, 3520]]
[[412, 3624], [412, 3625], [413, 3626], [413, 3627], [413, 3628], [413, 3629], [414, 3630], [414, 3631], [415, 3632]]
[[396, 3651], [397, 3651], [398, 3651], [399, 3651], [400, 3651], [401, 3652]]
[[396, 3651], [397, 3651], [398, 3651], [399, 3651], [400, 3651], [401, 3652], [402, 3652], [403, 3653], [404, 3653], [405, 3653], [406, 3653], [407, 3654]]
[[396, 3651], [397, 3651], [398, 3651], [399, 3651], [400, 3651], [401, 3652], [402, 3652], [403, 3653], [404, 3653], [405, 3653], [406, 3653], [407, 3654], [408, 3655], [409, 3655], [410, 3656], [411, 3657], [412, 3657], [413, 3658]]
[[397, 3489], [398, 3489], [399, 3489], [400, 3489], [401, 3489], [402, 3489], [403, 3489]]
[[402, 3437], [403, 3438], [404, 3439], [405, 3440], [406, 3441], [407, 3442], [408, 3443], [409, 3444], [410, 3445], [411, 3446], [412, 3447], [413, 3448], [414, 3449], [415, 3450], [416, 3451], [417, 3452], [418, 3453], [419, 3454], [420, 3455], [421, 3455], [422, 3456]]
[[404, 3653], [405, 3652], [406, 3651], [407, 3650], [408, 3649], [409, 3648], [410, 3647], [411, 3646], [412, 3645], [413, 3644], [414, 3643], [415, 3642], [416, 3641], [417, 3640], [418, 3639]]
[[402, 3520], [403, 3520], [404, 3520], [405, 3520], [406, 3520], [407, 3520], [408, 3520], [409, 3520], [410, 3520], [411, 3521], [412, 3521], [413, 3522]]
[[402, 3520], [403, 3520], [404, 3520], [405, 3520], [406, 3520], [407, 3520], [408, 3520], [409, 3520], [410, 3520], [411, 3521], [412, 3521], [413, 3521], [414, 3522], [415, 3522], [416, 3522], [417, 3523], [418, 3523], [419, 3523], [420, 3523], [421, 3523], [422, 3524], [423, 3525]]
[[415, 3439], [416, 3439], [417, 3440], [418, 3441], [419, 3442], [420, 3443], [421, 3444], [422, 3445], [423, 3446], [424, 3447], [425, 3448], [426, 3449], [427, 3450], [428, 3451], [429, 3452], [430, 3453], [431, 3454], [432, 3455], [433, 3456], [433, 3457], [434, 3458]]
[[418, 3639], [419, 3639], [420, 3639], [421, 3639], [422, 3640]]
[[419, 3493], [420, 3493], [421, 3493], [422, 3493], [423, 3493], [424, 3493], [425, 3493]]
[[422, 3456], [423, 3456], [424, 3456], [425, 3456], [426, 3456], [427, 3456], [428, 3456], [429, 3457], [430, 3457], [431, 3457], [432, 3458], [433, 3458], [434, 3458]]
[[429, 3530], [430, 3530], [431, 3530], [432, 3530], [433, 3529], [434, 3528]]
[[430, 3642], [431, 3642], [432, 3642], [433, 3642], [434, 3642], [435, 3642], [436, 3642], [437, 3642]]
[[425, 3493], [426, 3492], [427, 3491], [428, 3490], [429, 3489], [430, 3488], [431, 3487], [432, 3486], [433, 3485], [434, 3484], [435, 3483], [436, 3482], [437, 3481], [438, 3480], [439, 3479], [440, 3478], [441, 3477], [442, 3476], [443, 3475], [443, 3474], [443, 3473], [443, 3472], [443, 3471], [444, 3470], [444, 3469], [444, 3468], [443, 3467]]
[[432, 3463], [433, 3462], [434, 3461]]
[[436, 3532], [437, 3532], [438, 3532], [439, 3532], [440, 3532], [441, 3532], [442, 3532], [443, 3532], [444, 3532], [445, 3532], [446, 3532], [447, 3532], [448, 3532], [449, 3532], [450, 3532], [451, 3532], [452, 3532], [453, 3532], [454, 3531], [455, 3530], [456, 3530]]
[[435, 3460], [436, 3460], [437, 3459], [438, 3458]]
[[443, 3639], [444, 3639], [445, 3639], [446, 3638], [447, 3638]]
[[439, 3458], [440, 3458], [441, 3458], [442, 3458]]
[[443, 3458], [443, 3459], [443, 3460], [443, 3461], [443, 3462], [443, 3463], [443, 3464], [443, 3465], [443, 3466], [443, 3467]]
[[446, 3468], [445, 3469], [445, 3470], [446, 3471], [447, 3472], [448, 3473], [449, 3474]]
[[446, 3467], [447, 3467], [448, 3467], [449, 3467], [450, 3467], [451, 3467], [452, 3467], [453, 3467], [454, 3467], [455, 3467]]
[[447, 3638], [448, 3638], [449, 3638], [450, 3638], [451, 3638], [452, 3639], [453, 3640], [454, 3641], [455, 3641], [456, 3641], [457, 3642], [458, 3643], [459, 3643], [460, 3643], [461, 3643], [462, 3643], [463, 3644], [464, 3644]]
[[447, 3480], [447, 3479], [448, 3478], [449, 3477], [450, 3476], [450, 3475]]
[[456, 3530], [457, 3531], [457, 3532], [458, 3533], [459, 3534], [460, 3535], [460, 3536], [461, 3537], [462, 3538], [463, 3539], [464, 3540], [465, 3541], [465, 3542], [466, 3543], [467, 3544], [468, 3545], [469, 3546], [470, 3547], [471, 3548], [472, 3549], [473, 3550], [474, 3551]]
[[474, 3615], [474, 3616], [473, 3617]]
[[475, 3610], [476, 3609], [477, 3608], [477, 3607], [477, 3606], [477, 3605], [477, 3604], [477, 3603], [477, 3602], [478, 3601]]
[[459, 3614], [459, 3615], [459, 3616], [460, 3617], [460, 3618], [460, 3619], [460, 3620], [460, 3621], [460, 3622], [460, 3623], [461, 3624], [461, 3625], [462, 3626]]
[[474, 3615], [475, 3615], [476, 3615], [477, 3615], [478, 3615], [479, 3615], [480, 3615], [481, 3615], [482, 3615], [483, 3615], [484, 3615], [485, 3615], [486, 3615], [487, 3615], [488, 3615], [489, 3615], [490, 3615], [491, 3616]]
[[466, 3592], [467, 3593], [468, 3594], [469, 3594], [470, 3594], [471, 3595], [472, 3596], [473, 3596]]
[[466, 3592], [467, 3591], [467, 3590], [467, 3589], [467, 3588], [468, 3587], [469, 3586], [469, 3585], [470, 3584], [471, 3583], [472, 3582]]
[[464, 3628], [464, 3629], [464, 3630], [464, 3631], [464, 3632], [464, 3633], [464, 3634], [464, 3635], [464, 3636], [464, 3637], [464, 3638], [464, 3639], [464, 3640], [464, 3641], [464, 3642], [464, 3643], [464, 3644]]
[[472, 3579], [473, 3578], [474, 3577], [475, 3576], [476, 3575], [477, 3574], [477, 3573]]
[[473, 3596], [473, 3597], [473, 3598]]
[[473, 3598], [474, 3598], [475, 3598], [476, 3599]]
[[476, 3552], [477, 3553], [477, 3554], [477, 3555], [477, 3556], [477, 3557], [478, 3558], [478, 3559], [478, 3560], [478, 3561], [478, 3562], [478, 3563], [478, 3564], [478, 3565], [478, 3566], [478, 3567], [478, 3568], [478, 3569], [478, 3570], [478, 3571], [477, 3572]]
[[369, 3421], [370, 3421], [371, 3421], [372, 3421], [373, 3421], [374, 3421], [375, 3421], [376, 3421], [377, 3421], [378, 3421], [379, 3421], [380, 3422]]
[[434, 2224], [435, 2224], [436, 2223], [437, 2222], [438, 2221], [439, 2220], [440, 2219], [441, 2218], [442, 2217], [443, 2216], [444, 2215], [445, 2214], [446, 2213], [447, 2212], [448, 2211], [449, 2210], [450, 2209], [451, 2208], [452, 2207], [453, 2206], [454, 2205], [455, 2204], [456, 2203], [457, 2202], [458, 2201], [459, 2200], [460, 2199], [461, 2198], [462, 2197], [463, 2196], [464, 2195], [465, 2194], [466, 2193]]
[[508, 3406], [509, 3405], [510, 3405], [511, 3404], [512, 3404]]
[[508, 3397], [509, 3396], [509, 3395], [510, 3394], [511, 3393], [512, 3392], [512, 3391]]
[[474, 3316], [474, 3317], [474, 3318], [474, 3319], [474, 3320], [474, 3321], [475, 3322], [476, 3323], [477, 3324], [478, 3325], [479, 3326], [480, 3327], [481, 3328], [482, 3329], [483, 3330], [484, 3331], [485, 3332], [486, 3333], [487, 3334], [488, 3335], [489, 3336], [490, 3337]]
[[501, 3344], [502, 3343], [503, 3342], [504, 3341], [505, 3341], [506, 3341], [507, 3341], [508, 3340], [509, 3339], [510, 3338], [511, 3337], [512, 3336], [513, 3335], [514, 3334], [515, 3333], [516, 3332], [517, 3331], [518, 3330], [519, 3329], [520, 3328], [521, 3327], [522, 3326], [523, 3325], [524, 3324], [525, 3323], [526, 3322], [527, 3321], [528, 3320], [529, 3319], [530, 3318]]
[[474, 3312], [474, 3311], [474, 3310], [475, 3309], [476, 3308], [477, 3307], [477, 3306], [477, 3305], [477, 3304]]
[[443, 3356], [444, 3355], [445, 3354], [444, 3353], [444, 3352], [444, 3351], [444, 3350], [444, 3349], [444, 3348], [444, 3347], [445, 3346], [446, 3345], [447, 3344], [447, 3343], [447, 3342], [448, 3341], [448, 3340], [449, 3339], [449, 3338], [450, 3337], [451, 3336], [452, 3335], [453, 3334], [454, 3333], [455, 3332], [456, 3331], [457, 3330], [458, 3329], [459, 3328], [460, 3327], [461, 3326], [462, 3325], [463, 3324], [464, 3323], [465, 3322], [466, 3321], [467, 3320], [468, 3319], [468, 3318], [469, 3317]]
[[461, 1943], [462, 1942], [463, 1941], [464, 1940], [465, 1939], [466, 1938], [467, 1937], [468, 1936], [469, 1935], [470, 1934], [471, 1933], [472, 1932], [473, 1931], [474, 1930], [475, 1929], [476, 1928], [477, 1927], [478, 1926], [479, 1925], [480, 1924], [481, 1923], [482, 1922], [483, 1921], [484, 1920], [485, 1919], [486, 1918], [487, 1917], [488, 1916], [489, 1915], [490, 1914], [491, 1913], [492, 1912], [493, 1912]]
[[493, 1911], [494, 1910], [495, 1910], [496, 1910], [497, 1909], [498, 1908], [499, 1907], [500, 1907]]
[[486, 1918], [487, 1917], [488, 1916], [489, 1915], [490, 1914], [491, 1913], [492, 1912], [493, 1912]]
[[487, 1892], [488, 1892], [489, 1892], [490, 1892], [491, 1892], [492, 1892], [493, 1892], [494, 1891], [495, 1891], [496, 1891]]
[[504, 1888], [505, 1888], [506, 1888], [507, 1887], [508, 1886], [509, 1886], [510, 1886], [511, 1886], [512, 1886], [513, 1886]]
[[500, 1890], [501, 1891], [502, 1892], [503, 1893], [503, 1894], [503, 1895], [503, 1896], [503, 1897], [503, 1898], [503, 1899], [503, 1900], [504, 1901], [504, 1902], [504, 1903]]
[[502, 1887], [503, 1886], [504, 1885], [504, 1884], [504, 1883], [504, 1882], [504, 1881], [504, 1880], [504, 1879], [504, 1878], [504, 1877], [504, 1876], [504, 1875], [504, 1874], [504, 1873], [504, 1872], [504, 1871], [504, 1870], [504, 1869], [504, 1868], [504, 1867], [504, 1866], [504, 1865], [504, 1864], [504, 1863], [504, 1862], [504, 1861], [504, 1860], [504, 1859], [504, 1858]]
[[537, 1906], [537, 1905], [538, 1904], [539, 1903], [540, 1902], [541, 1901]]
[[513, 1886], [514, 1887], [515, 1888], [516, 1889], [517, 1890], [518, 1891], [519, 1892], [520, 1893], [521, 1894], [522, 1895], [523, 1896], [524, 1897], [525, 1898], [526, 1899], [527, 1900], [528, 1901], [529, 1902], [530, 1903], [531, 1904], [532, 1905], [533, 1906], [533, 1907], [534, 1907]]
[[472, 1913], [473, 1913], [474, 1913], [475, 1913], [476, 1913], [477, 1913], [478, 1913], [479, 1914], [480, 1915], [481, 1916], [482, 1917]]
[[469, 1880], [470, 1880], [471, 1881], [472, 1882], [473, 1882], [474, 1883]]
[[476, 1884], [477, 1885], [478, 1886], [479, 1886], [480, 1887], [481, 1887], [482, 1888], [483, 1888], [484, 1889], [485, 1890]]
[[504, 1857], [504, 1856], [505, 1855], [505, 1854]]
[[505, 1854], [506, 1854], [507, 1854], [508, 1854], [509, 1854], [510, 1853], [511, 1852], [512, 1851], [513, 1851], [514, 1851], [515, 1850], [516, 1850]]
[[478, 1903], [479, 1902], [480, 1901], [481, 1900], [482, 1899], [482, 1898], [483, 1897], [484, 1896], [485, 1895], [486, 1894], [486, 1893], [486, 1892]]
[[482, 1917], [483, 1917], [484, 1917], [485, 1918]]
[[507, 3061], [507, 3062], [507, 3063], [507, 3064], [507, 3065], [507, 3066], [507, 3067], [506, 3068], [506, 3069], [506, 3070], [506, 3071], [506, 3072], [506, 3073], [506, 3074], [506, 3075], [506, 3076]]
[[471, 3032], [472, 3032], [473, 3032], [474, 3032], [475, 3032], [476, 3032], [477, 3032], [478, 3032], [479, 3032], [480, 3032], [481, 3032], [482, 3032], [483, 3032], [484, 3032], [485, 3033], [486, 3033], [487, 3033], [488, 3033], [489, 3034], [490, 3034], [491, 3035], [492, 3036], [493, 3037], [494, 3038], [495, 3039], [496, 3040], [497, 3041], [498, 3042], [499, 3042], [500, 3042], [501, 3042], [502, 3042], [503, 3043], [504, 3044], [505, 3045], [506, 3045]]
[[483, 3015], [484, 3016], [485, 3017], [486, 3018], [487, 3019], [488, 3020], [489, 3021], [490, 3022], [491, 3023], [492, 3024], [493, 3025], [494, 3026], [495, 3027], [496, 3028], [497, 3029], [498, 3030], [499, 3031], [500, 3032], [501, 3033], [502, 3034], [503, 3035], [504, 3035], [505, 3035], [506, 3035], [507, 3036], [508, 3036], [509, 3037]]
[[528, 1802], [529, 1803]]
[[529, 1803], [530, 1804]]
[[530, 1804], [531, 1804], [532, 1803], [533, 1803], [534, 1803], [535, 1802]]
[[539, 1801], [539, 1800], [540, 1799], [541, 1798], [541, 1797]]
[[539, 1791], [539, 1792], [539, 1793], [540, 1794], [540, 1795], [540, 1796], [541, 1797]]
[[541, 1797], [542, 1797], [543, 1796], [544, 1795], [545, 1794], [546, 1793], [547, 1793], [548, 1792]]
[[552, 1789], [553, 1790], [554, 1791], [555, 1792], [556, 1793], [557, 1794], [558, 1795], [559, 1796], [560, 1797], [561, 1798]]
[[559, 1822], [559, 1823], [559, 1824], [559, 1825], [559, 1826], [559, 1827], [559, 1828], [559, 1829], [559, 1830]]
[[478, 1816], [478, 1815], [478, 1814], [478, 1813], [478, 1812], [478, 1811], [479, 1810], [480, 1809], [481, 1808]]
[[481, 1807], [481, 1806], [481, 1805], [482, 1804], [483, 1803], [484, 1802], [485, 1801], [486, 1800], [487, 1799], [488, 1798]]
[[489, 1773], [490, 1773], [491, 1773], [492, 1773], [493, 1773], [494, 1773], [495, 1773]]
[[487, 1773], [487, 1774], [487, 1775], [487, 1776], [487, 1777], [487, 1778], [487, 1779], [487, 1780], [487, 1781], [487, 1782], [487, 1783], [487, 1784], [487, 1785], [487, 1786], [487, 1787], [487, 1788], [487, 1789], [487, 1790], [487, 1791], [487, 1792], [487, 1793], [487, 1794], [487, 1795], [487, 1796], [487, 1797], [488, 1798]]
[[495, 1773], [496, 1773], [497, 1773], [498, 1773], [499, 1773], [500, 1773], [501, 1773], [502, 1774], [503, 1774], [504, 1774]]
[[503, 1781], [503, 1780], [503, 1779], [503, 1778], [503, 1777], [503, 1776], [503, 1775], [504, 1774]]
[[504, 1774], [504, 1775], [504, 1776], [505, 1777], [506, 1778], [507, 1779], [508, 1780], [509, 1781], [510, 1782]]
[[504, 1774], [505, 1774], [506, 1774], [507, 1774], [508, 1774], [509, 1774], [510, 1774], [511, 1774], [512, 1774], [513, 1774], [514, 1773], [515, 1773]]
[[513, 1782], [514, 1782], [515, 1782], [516, 1783], [517, 1784], [518, 1785], [519, 1786]]
[[510, 1782], [510, 1781], [510, 1780], [510, 1779], [510, 1778], [510, 1777], [510, 1776], [510, 1775], [510, 1774], [510, 1773], [510, 1772], [510, 1771], [510, 1770], [510, 1769], [510, 1768], [510, 1767], [510, 1766], [510, 1765], [510, 1764], [510, 1763], [510, 1762], [510, 1761], [510, 1760], [510, 1759], [510, 1758], [510, 1757], [510, 1756], [510, 1755], [510, 1754], [510, 1753], [510, 1752], [510, 1751], [510, 1750], [510, 1749], [510, 1748], [510, 1747], [510, 1746]]
[[518, 1774], [519, 1774], [520, 1774], [521, 1775], [522, 1776], [523, 1777]]
[[520, 1789], [520, 1790], [520, 1791], [521, 1792], [521, 1793], [522, 1794], [522, 1795], [522, 1796], [523, 1797], [524, 1798], [525, 1799], [526, 1800]]
[[527, 1801], [528, 1802]]
[[483, 2892], [484, 2892], [485, 2892], [486, 2892], [487, 2892], [488, 2892], [489, 2892], [490, 2892], [491, 2892], [492, 2892], [493, 2892], [494, 2892], [495, 2892], [496, 2892], [497, 2892], [498, 2892], [499, 2892], [500, 2892], [501, 2892], [502, 2892], [503, 2892], [504, 2892], [505, 2892], [506, 2892], [507, 2892], [508, 2892], [509, 2892], [510, 2892], [511, 2891], [512, 2890], [513, 2889], [514, 2888]]
[[517, 4245], [517, 4244], [517, 4243], [517, 4242], [518, 4241]]
[[532, 2055], [532, 2054], [532, 2053], [532, 2052], [532, 2051], [532, 2050], [532, 2049], [532, 2048], [532, 2047], [532, 2046], [532, 2045], [532, 2044], [532, 2043], [532, 2042], [532, 2041], [532, 2040], [532, 2039], [532, 2038], [532, 2037], [532, 2036], [532, 2035], [532, 2034]]
[[542, 2023], [542, 2022], [542, 2021], [542, 2020], [542, 2019], [542, 2018], [542, 2017], [542, 2016], [542, 2015], [542, 2014], [542, 2013], [542, 2012], [542, 2011], [542, 2010], [542, 2009], [541, 2008], [540, 2007], [539, 2006], [539, 2005], [539, 2004], [538, 2003], [538, 2002]]
[[570, 1975], [571, 1975], [572, 1975], [573, 1975], [574, 1975], [575, 1976]]
[[576, 1976], [577, 1976], [578, 1976], [579, 1975], [580, 1975], [581, 1975], [582, 1975], [583, 1975], [584, 1975], [585, 1975], [586, 1975], [587, 1975]]
[[530, 1972], [530, 1973], [530, 1974], [530, 1975], [530, 1976], [531, 1977]]
[[537, 1985], [537, 1986], [537, 1987], [538, 1988], [539, 1989], [540, 1990], [541, 1991], [542, 1992]]
[[537, 1985], [537, 1986], [537, 1987], [538, 1988], [538, 1989], [538, 1990], [538, 1991], [538, 1992], [538, 1993], [538, 1994], [538, 1995], [538, 1996], [538, 1997], [538, 1998], [538, 1999], [538, 2000]]
[[587, 1974], [588, 1974], [589, 1974], [590, 1974], [591, 1974], [592, 1974], [593, 1974], [594, 1974], [595, 1974]]
[[538, 2002], [538, 2003], [538, 2004], [539, 2005], [539, 2006]]
[[546, 1995], [547, 1995], [548, 1995], [549, 1995], [550, 1995], [551, 1994], [552, 1994]]
[[553, 1994], [554, 1995], [555, 1996], [556, 1997], [557, 1998], [557, 1999], [558, 2000]]
[[553, 1994], [553, 1993], [554, 1992], [555, 1991], [556, 1990], [557, 1989], [558, 1988], [559, 1987]]
[[560, 1983], [561, 1982], [561, 1981], [562, 1980], [562, 1979], [563, 1978], [564, 1977]]
[[629, 1467], [630, 1466]]
[[630, 1466], [631, 1465], [632, 1465], [633, 1464], [634, 1464], [635, 1463], [636, 1463], [637, 1462], [638, 1461], [639, 1460], [640, 1459], [641, 1458], [642, 1457], [643, 1456], [644, 1455], [645, 1454], [645, 1453], [646, 1452], [647, 1451], [648, 1450], [649, 1449], [650, 1448], [651, 1447], [652, 1446], [653, 1445], [654, 1444], [655, 1444], [656, 1444]]
[[579, 1465], [580, 1466], [581, 1467], [582, 1468], [583, 1469], [584, 1469]]
[[561, 1466], [562, 1465], [563, 1464], [564, 1464], [565, 1463], [566, 1462], [567, 1461], [568, 1461], [569, 1461]]
[[535, 1465], [535, 1466], [535, 1467], [535, 1468], [535, 1469], [535, 1470], [535, 1471]]
[[535, 1465], [535, 1466], [536, 1467], [537, 1468], [538, 1469], [539, 1470], [540, 1471], [541, 1472], [542, 1473], [543, 1474], [544, 1475]]
[[657, 1442], [658, 1441], [658, 1440], [658, 1439], [659, 1438], [659, 1437], [660, 1436], [661, 1435]]
[[614, 1472], [615, 1471], [616, 1470], [617, 1470], [618, 1470], [619, 1470], [620, 1470], [621, 1470], [622, 1470], [623, 1469], [624, 1468], [625, 1467], [626, 1467], [627, 1467], [628, 1467], [629, 1467]]
[[663, 1435], [663, 1436], [663, 1437], [663, 1438], [664, 1439]]
[[665, 1440], [666, 1441], [667, 1442], [668, 1443], [669, 1444], [670, 1445], [671, 1446], [672, 1447], [673, 1448], [673, 1449], [673, 1450], [673, 1451], [673, 1452], [673, 1453], [673, 1454], [673, 1455], [673, 1456], [673, 1457], [674, 1458], [675, 1459], [676, 1460], [676, 1461]]
[[590, 1442], [591, 1442], [592, 1443], [593, 1444], [594, 1445], [595, 1446], [596, 1447], [597, 1448], [598, 1449]]
[[589, 1441], [590, 1440], [591, 1439], [592, 1438], [593, 1437], [594, 1436], [595, 1435], [596, 1434], [596, 1433], [596, 1432], [596, 1431], [596, 1430], [596, 1429], [596, 1428], [596, 1427], [596, 1426], [597, 1425]]
[[561, 1466], [562, 1465], [563, 1464], [564, 1464], [565, 1463], [566, 1462], [567, 1461], [568, 1460], [569, 1460], [570, 1460], [571, 1459], [572, 1458], [573, 1457], [574, 1456], [575, 1455], [576, 1454], [577, 1453], [578, 1452], [579, 1451], [580, 1450], [581, 1449], [582, 1448], [583, 1447], [584, 1446], [585, 1445], [586, 1444], [587, 1443], [588, 1442], [589, 1441]]
[[544, 1475], [545, 1475], [546, 1475], [547, 1475], [548, 1475], [549, 1475], [550, 1475]]
[[551, 1476], [552, 1475], [553, 1474], [554, 1473], [555, 1472], [556, 1471], [557, 1470], [558, 1469], [559, 1468], [560, 1467], [561, 1467]]
[[562, 4062], [563, 4061], [564, 4061], [565, 4060], [566, 4059], [567, 4058]]
[[584, 2158], [585, 2157], [585, 2156], [585, 2155], [585, 2154], [585, 2153], [585, 2152], [585, 2151], [585, 2150], [585, 2149], [585, 2148], [585, 2147], [585, 2146], [585, 2145], [585, 2144], [585, 2143], [585, 2142], [585, 2141], [585, 2140]]
[[561, 2171], [561, 2172], [562, 2173], [563, 2174], [564, 2175], [564, 2176], [564, 2177], [564, 2178], [564, 2179], [564, 2180], [564, 2181], [564, 2182], [564, 2183], [564, 2184], [565, 2185], [565, 2186], [565, 2187], [565, 2188], [565, 2189], [565, 2190], [566, 2191]]
[[574, 4355], [574, 4354], [575, 4353], [576, 4352], [577, 4351]]
[[577, 4351], [578, 4352], [579, 4353], [580, 4354], [581, 4355], [582, 4356], [583, 4357], [584, 4358]]
[[584, 4353], [584, 4354], [584, 4355], [584, 4356], [584, 4357], [584, 4358]]
[[584, 4352], [585, 4351], [586, 4351], [587, 4351], [588, 4351], [589, 4350], [590, 4349], [591, 4349], [592, 4349]]
[[586, 4004], [586, 4003], [587, 4002]]
[[585, 4005], [586, 4006], [587, 4007], [588, 4008]]
[[588, 4008], [589, 4009], [589, 4010], [590, 4011], [590, 4012], [590, 4013], [591, 4014], [591, 4015]]
[[591, 4015], [591, 4016], [591, 4017], [591, 4018], [592, 4019], [593, 4020]]
[[594, 4021], [595, 4021], [596, 4021], [597, 4021], [598, 4021], [599, 4021], [600, 4021]]
[[614, 1778], [614, 1779], [614, 1780], [614, 1781]]
[[614, 1781], [615, 1782], [616, 1783], [617, 1784], [618, 1785], [618, 1786], [619, 1787], [619, 1788]]
[[620, 1791], [620, 1792], [621, 1793]]
[[623, 1793], [622, 1793], [621, 1793]]
[[674, 921], [675, 921], [676, 921], [677, 922]]
[[845, 683], [846, 682], [847, 682], [848, 682], [849, 681], [850, 680], [851, 680]]
[[823, 680], [824, 680], [825, 680], [826, 681], [827, 682], [828, 683], [829, 683], [830, 683], [831, 683], [832, 683], [833, 683], [834, 683], [835, 683], [836, 683], [837, 683]]
[[851, 680], [851, 679], [852, 678]]
[[855, 659], [855, 660], [855, 661], [855, 662], [855, 663], [855, 664], [855, 665], [855, 666], [855, 667], [855, 668], [856, 669], [857, 670], [858, 671], [859, 672], [860, 673], [861, 674], [862, 675]]
[[852, 678], [853, 677]]
[[854, 676], [855, 676], [856, 676], [857, 676], [858, 676], [859, 676]]
[[854, 757], [854, 758], [855, 759], [855, 760], [855, 761], [855, 762], [855, 763], [856, 764], [857, 765], [858, 766]]
[[856, 744], [857, 743], [857, 742], [857, 741], [858, 740], [858, 739], [858, 738], [859, 737], [859, 736], [859, 735], [860, 734], [860, 733], [860, 732], [861, 731], [862, 730], [863, 729]]
[[858, 766], [859, 766], [860, 766], [861, 766], [862, 766], [863, 766], [864, 766], [865, 766], [866, 766], [867, 766], [868, 766]]
[[867, 676], [868, 676], [869, 676], [870, 676], [871, 676], [872, 676], [873, 676], [874, 676], [875, 676], [876, 675], [877, 674], [878, 673], [879, 672], [880, 671], [881, 670], [882, 669], [883, 668], [884, 667], [884, 666]]
[[867, 676], [867, 677], [867, 678], [868, 679], [869, 680], [870, 681], [871, 682], [872, 683], [873, 684], [874, 685], [875, 686], [876, 687], [877, 688], [878, 689], [879, 690], [879, 691], [879, 692], [879, 693]]
[[863, 729], [864, 728], [865, 727], [866, 726], [867, 726]]
[[868, 725], [869, 724], [870, 724], [871, 723]]
[[871, 767], [872, 768], [873, 768], [874, 769], [875, 769], [876, 770], [877, 770], [878, 771]]
[[871, 712], [871, 713], [872, 714]]
[[871, 710], [872, 709], [873, 708], [874, 707], [875, 706], [875, 705], [876, 704], [877, 703], [878, 702], [878, 701], [878, 700], [878, 699], [878, 698], [878, 697], [879, 696], [879, 695], [880, 694]]
[[872, 723], [872, 722], [872, 721], [872, 720], [873, 719], [874, 718], [874, 717]]
[[872, 714], [873, 715], [874, 716], [874, 717]]
[[878, 771], [879, 770], [880, 769], [881, 768], [882, 767], [883, 766], [884, 765], [885, 764], [886, 763], [887, 762], [888, 761], [889, 760]]
[[878, 771], [879, 771], [880, 772], [881, 773], [882, 774], [883, 775], [884, 776], [885, 777], [886, 778], [887, 779], [888, 780], [889, 781], [890, 782], [891, 783], [892, 784], [893, 785], [894, 786], [895, 787], [896, 788], [897, 789], [898, 790], [899, 791], [900, 792], [901, 793], [902, 794], [903, 795], [904, 796], [905, 797], [906, 798], [907, 798], [908, 799], [909, 800], [910, 801], [911, 802]]
[[912, 803], [911, 804]]
[[912, 803], [913, 802], [914, 801], [915, 800], [916, 799], [917, 798]]
[[911, 805], [912, 806], [912, 807], [912, 808], [913, 809]]
[[911, 811], [912, 810], [913, 809]]
[[917, 798], [918, 798], [919, 798], [920, 798], [921, 798], [922, 798], [923, 798], [924, 798], [925, 798], [926, 798], [927, 798], [928, 798], [929, 798], [930, 798], [931, 798], [932, 798], [933, 799], [934, 799], [935, 800], [936, 801], [937, 802], [938, 802], [939, 803], [940, 804], [941, 804], [942, 804], [943, 805], [944, 806], [945, 807]]
[[946, 808], [947, 809]]
[[947, 809], [947, 810], [947, 811], [947, 812], [947, 813], [947, 814], [947, 815], [947, 816], [947, 817], [947, 818], [947, 819], [947, 820], [947, 821], [947, 822], [947, 823], [947, 824], [947, 825], [947, 826], [947, 827], [947, 828], [947, 829], [947, 830], [947, 831], [947, 832], [947, 833], [947, 834], [947, 835], [948, 836]]
[[703, 718], [704, 717], [705, 716], [706, 715], [707, 714], [708, 713], [709, 713]]
[[709, 713], [710, 713], [711, 713], [712, 714], [713, 715], [714, 715], [715, 715]]
[[715, 716], [716, 716], [717, 717], [718, 718], [719, 719], [720, 720], [721, 721], [722, 722], [723, 723]]
[[719, 727], [720, 726], [721, 725], [722, 724], [723, 723]]
[[724, 723], [725, 723], [726, 723], [727, 723], [728, 723], [729, 723], [730, 723], [731, 723], [732, 723], [733, 723], [734, 723], [735, 723], [736, 723], [737, 723], [738, 723], [739, 723], [740, 723], [741, 723], [742, 723], [743, 723], [744, 723], [745, 724], [746, 724]]
[[739, 762], [739, 761], [739, 760], [740, 759], [740, 758], [741, 757], [742, 756], [743, 755], [744, 754], [745, 753], [746, 752], [747, 751], [748, 750], [749, 749], [750, 748], [751, 747], [752, 746], [753, 745], [754, 744], [755, 743], [756, 742], [757, 741], [758, 740], [759, 739], [760, 738]]
[[746, 725], [747, 725], [748, 725], [749, 725], [750, 726], [751, 727]]
[[751, 727], [752, 727], [753, 727], [754, 727], [755, 727], [756, 727], [757, 727], [758, 727], [759, 728]]
[[757, 743], [757, 742], [758, 741], [758, 740], [759, 739], [760, 738]]
[[762, 728], [763, 727], [763, 726], [764, 725], [765, 724], [766, 723], [766, 722], [765, 721]]
[[774, 722], [774, 721], [774, 720], [774, 719], [774, 718], [774, 717], [774, 716], [774, 715], [775, 714]]
[[767, 692], [767, 693], [768, 694], [769, 695], [770, 696], [771, 697], [772, 698], [773, 699], [774, 700], [775, 701], [776, 702], [776, 703], [776, 704], [776, 705], [776, 706], [776, 707], [777, 708], [777, 709], [777, 710]]
[[770, 705], [771, 706], [772, 707], [773, 708], [774, 709], [775, 710], [776, 711]]
[[793, 698], [793, 697], [793, 696], [793, 695], [793, 694], [793, 693], [793, 692], [793, 691], [794, 690], [795, 689]]
[[802, 684], [803, 684], [804, 684], [805, 684], [806, 684], [807, 684], [808, 684], [809, 684], [810, 684], [811, 684]]
[[820, 1048], [821, 1047], [822, 1046], [823, 1045], [824, 1045]]
[[724, 1059], [725, 1059], [726, 1059], [727, 1059], [728, 1059], [729, 1059], [730, 1059], [731, 1059]]
[[732, 1059], [733, 1059], [734, 1059], [735, 1059], [736, 1059], [737, 1059], [738, 1059], [739, 1059]]
[[739, 1059], [740, 1059], [741, 1059], [742, 1059], [743, 1059], [744, 1058], [745, 1058], [746, 1059]]
[[743, 1119], [743, 1118], [743, 1117], [743, 1116], [744, 1115], [744, 1114], [745, 1113], [745, 1112], [745, 1111], [745, 1110], [745, 1109], [745, 1108], [745, 1107], [745, 1106], [745, 1105], [745, 1104], [745, 1103], [745, 1102], [745, 1101], [745, 1100], [745, 1099], [745, 1098]]
[[746, 1059], [747, 1059], [748, 1059], [749, 1059], [750, 1059], [751, 1059], [752, 1059], [753, 1059], [754, 1060]]
[[750, 1087], [751, 1087], [752, 1087], [753, 1087], [754, 1087], [755, 1087], [756, 1087], [757, 1088], [758, 1089], [759, 1090], [760, 1090], [761, 1090], [762, 1090], [763, 1090], [764, 1090]]
[[757, 1060], [757, 1061], [758, 1062], [759, 1063], [760, 1064], [761, 1065], [762, 1066], [763, 1067], [763, 1068], [764, 1069]]
[[764, 1071], [764, 1072], [764, 1073], [764, 1074], [764, 1075]]
[[764, 1069], [765, 1068], [766, 1067], [767, 1066], [768, 1065], [769, 1064]]
[[764, 1077], [765, 1078], [766, 1078], [767, 1078], [768, 1078], [769, 1078], [770, 1079], [771, 1079]]
[[765, 1088], [766, 1088], [767, 1088], [768, 1087], [769, 1086], [770, 1085]]
[[799, 1074], [800, 1073], [800, 1072], [801, 1071], [802, 1070]]
[[774, 1081], [773, 1082], [772, 1083], [771, 1084], [770, 1085]]
[[805, 1064], [806, 1064], [807, 1063], [808, 1063], [809, 1063]]
[[809, 1059], [809, 1058], [809, 1057]]
[[810, 1056], [811, 1056], [812, 1056], [813, 1055], [814, 1055]]
[[814, 1052], [814, 1053], [814, 1054], [814, 1055]]
[[814, 1052], [815, 1052], [816, 1052], [817, 1053]]
[[813, 401], [813, 402], [813, 403], [813, 404], [813, 405], [813, 406], [813, 407], [813, 408], [813, 409], [813, 410], [813, 411], [813, 412], [813, 413], [813, 414], [813, 415], [813, 416], [813, 417], [813, 418], [813, 419], [813, 420], [813, 421], [813, 422], [813, 423], [813, 424], [813, 425], [813, 426], [813, 427], [813, 428], [813, 429], [813, 430], [813, 431], [813, 432], [814, 433], [814, 434], [815, 435], [816, 436], [816, 437], [816, 438], [816, 439], [816, 440], [816, 441], [817, 442], [818, 443], [819, 444], [820, 445]]
[[779, 440], [780, 440], [781, 440], [782, 440], [783, 440], [784, 440], [785, 440], [786, 440], [787, 440], [788, 440], [789, 440], [790, 440], [791, 440], [792, 440], [793, 440], [794, 440], [795, 440], [796, 440], [797, 440], [798, 440], [799, 440], [800, 440], [801, 440], [802, 440], [803, 440], [804, 440], [805, 440], [806, 440], [807, 440], [808, 440], [809, 440], [810, 440]]
[[808, 389], [809, 390], [810, 391], [811, 392], [811, 393], [811, 394], [811, 395], [811, 396], [811, 397], [812, 398], [813, 399], [813, 400], [813, 401]]
[[813, 408], [813, 407], [813, 406], [813, 405], [813, 404], [813, 403], [813, 402], [813, 401]]
[[810, 410], [811, 411], [811, 412], [811, 413], [811, 414], [811, 415], [811, 416], [811, 417]]
[[810, 410], [810, 411], [810, 412], [810, 413], [810, 414], [810, 415], [810, 416], [810, 417], [810, 418], [810, 419], [810, 420], [810, 421], [811, 422], [811, 423], [811, 424], [811, 425], [811, 426], [811, 427], [811, 428], [811, 429], [811, 430], [811, 431], [811, 432], [811, 433], [811, 434], [811, 435], [811, 436], [811, 437], [811, 438], [811, 439], [811, 440], [811, 441], [811, 442], [812, 443], [812, 444], [812, 445], [812, 446], [813, 447], [814, 448], [814, 449], [815, 450], [816, 451]]
[[810, 439], [810, 438], [810, 437], [810, 436], [810, 435], [810, 434], [810, 433], [811, 432]]
[[811, 418], [811, 419], [811, 420], [811, 421], [811, 422], [811, 423], [811, 424], [811, 425], [811, 426], [811, 427], [811, 428], [811, 429], [811, 430]]
[[821, 928], [821, 927], [821, 926], [822, 925], [823, 924], [824, 923], [825, 922], [826, 921], [827, 920], [827, 919], [828, 918]]
[[813, 944], [813, 943], [813, 942], [814, 941], [814, 940], [814, 939], [814, 938], [814, 937], [814, 936], [814, 935], [815, 934], [815, 933], [816, 932], [817, 931], [818, 930], [819, 929]]
[[828, 918], [829, 918], [830, 918], [831, 918], [832, 919], [833, 920], [834, 920]]
[[819, 911], [820, 912], [821, 913], [822, 914], [823, 915], [824, 915], [825, 916], [826, 917], [827, 917]]
[[822, 965], [823, 965], [824, 965], [825, 965], [826, 965]]
[[828, 968], [828, 969], [828, 970], [828, 971], [828, 972], [828, 973], [828, 974], [829, 975], [829, 976], [830, 977]]
[[833, 880], [834, 879], [835, 878], [836, 877], [836, 876], [837, 875]]
[[816, 899], [817, 898], [818, 897], [819, 896], [820, 895], [821, 894], [822, 893], [823, 892], [823, 891], [824, 890], [825, 889], [826, 888], [827, 887], [828, 886], [829, 885], [830, 884], [831, 883], [832, 882]]
[[835, 920], [836, 920], [837, 920], [838, 920], [839, 920], [840, 920], [841, 920], [842, 920], [843, 920], [844, 920], [845, 920], [846, 920], [847, 920], [848, 920], [849, 920], [850, 920], [851, 920], [852, 919], [853, 918], [854, 917], [855, 916]]
[[838, 875], [839, 874], [840, 873], [841, 873], [842, 873], [843, 873], [844, 872]]
[[845, 871], [846, 870], [847, 870], [848, 870], [849, 869]]
[[860, 900], [861, 900], [862, 900], [863, 899], [864, 899], [865, 898], [866, 897]]
[[855, 916], [855, 917], [855, 918], [855, 919], [855, 920], [855, 921], [856, 922], [857, 923], [857, 924], [858, 925], [858, 926], [859, 927], [860, 928], [861, 929], [862, 930], [863, 931]]
[[855, 950], [855, 949], [855, 948], [855, 947], [855, 946], [855, 945], [855, 944], [856, 943], [857, 942], [858, 941], [859, 940], [860, 939], [861, 938], [861, 937], [861, 936]]
[[868, 897], [868, 896], [868, 895], [869, 894], [870, 893]]
[[870, 892], [871, 891], [872, 891], [873, 891], [874, 890], [875, 890], [876, 890], [877, 890], [878, 890], [879, 890], [880, 890], [881, 890], [882, 890], [883, 889]]
[[884, 886], [884, 885], [884, 884], [884, 883], [885, 882], [886, 881]]
[[886, 881], [887, 880], [888, 879], [889, 878], [889, 877], [889, 876], [889, 875], [889, 874], [889, 873], [890, 872], [891, 871], [891, 870], [891, 869], [891, 868], [891, 867], [891, 866]]
[[813, 944], [813, 945], [813, 946], [813, 947], [813, 948], [813, 949], [813, 950]]
[[815, 900], [815, 901], [815, 902], [815, 903], [815, 904], [815, 905], [815, 906], [815, 907], [816, 908], [817, 909], [818, 910], [818, 911]]
[[855, 511], [855, 512], [855, 513], [855, 514], [855, 515], [855, 516], [855, 517], [855, 518], [855, 519], [855, 520]]
[[881, 1016], [882, 1017], [883, 1018], [884, 1019], [885, 1020]]
[[877, 1013], [877, 1012], [877, 1011], [876, 1010], [876, 1009], [876, 1008], [876, 1007]]
[[298, 3514], [298, 3515]]
[[336, 3467], [335, 3466], [335, 3465]]
[[336, 3467], [336, 3468], [335, 3469]]
[[335, 3470], [334, 3471], [334, 3472]]
[[335, 3470], [335, 3469], [336, 3468]]
[[336, 3454], [336, 3455], [335, 3456], [335, 3457]]
[[339, 3657], [340, 3656], [341, 3655]]
[[338, 3658], [339, 3657], [340, 3656]]
[[350, 3486], [350, 3487], [350, 3488]]
[[350, 3489], [350, 3488], [350, 3487]]
[[350, 3814], [350, 3815]]
[[353, 3504], [353, 3505]]
[[357, 3665], [358, 3665]]
[[367, 3483], [366, 3483], [365, 3483], [364, 3483], [363, 3483], [362, 3483], [361, 3483]]
[[366, 3425], [366, 3424], [366, 3423]]
[[368, 3421], [367, 3422], [366, 3423]]
[[369, 3421], [368, 3421], [367, 3422]]
[[366, 3426], [366, 3425], [366, 3424]]
[[369, 3505], [368, 3504], [367, 3503]]
[[370, 2958], [370, 2959]]
[[371, 3510], [370, 3511], [370, 3512]]
[[370, 3513], [370, 3512], [370, 3511]]
[[371, 3496], [372, 3496]]
[[381, 3486], [380, 3486], [379, 3486], [378, 3486], [377, 3486], [376, 3486], [375, 3486], [374, 3485], [373, 3484]]
[[373, 3521], [373, 3520], [373, 3519], [373, 3518]]
[[375, 3654], [376, 3653], [377, 3653], [378, 3652], [379, 3652], [380, 3651], [381, 3651], [382, 3651], [383, 3651], [384, 3651], [385, 3651], [386, 3651]]
[[377, 3417], [377, 3416]]
[[380, 3505], [380, 3506], [381, 3507]]
[[383, 3509], [382, 3508], [381, 3507]]
[[380, 3504], [380, 3505], [380, 3506]]
[[383, 3510], [383, 3509], [382, 3508]]
[[380, 3422], [381, 3423], [382, 3424]]
[[388, 3488], [388, 3489]]
[[388, 3606], [388, 3607]]
[[390, 3516], [390, 3517], [391, 3518], [392, 3519], [393, 3520], [394, 3520]]
[[411, 3623], [410, 3623], [409, 3622]]
[[393, 3620], [392, 3621], [391, 3622]]
[[393, 3620], [394, 3619], [395, 3618]]
[[401, 3618], [400, 3618], [399, 3617]]
[[401, 3618], [402, 3619], [403, 3619]]
[[404, 3620], [403, 3619], [402, 3619]]
[[404, 3620], [405, 3620], [406, 3621]]
[[390, 3624], [390, 3623], [391, 3622]]
[[412, 3624], [411, 3623], [410, 3623]]
[[409, 3622], [408, 3622], [407, 3621]]
[[396, 3618], [395, 3618], [394, 3619]]
[[396, 3618], [397, 3617], [398, 3617]]
[[407, 3621], [406, 3621], [405, 3620]]
[[399, 3617], [398, 3617], [397, 3617]]
[[391, 3600], [391, 3601]]
[[396, 3651], [395, 3651], [394, 3651]]
[[397, 3489], [396, 3489]]
[[400, 3435], [401, 3436], [402, 3437]]
[[401, 3652], [402, 3652], [403, 3653], [404, 3653]]
[[402, 3519], [402, 3520]]
[[414, 3522], [413, 3522]]
[[415, 3659], [414, 3659], [413, 3658]]
[[415, 3659], [416, 3660], [417, 3660]]
[[417, 3660], [418, 3661], [419, 3662]]
[[415, 3439], [414, 3439]]
[[415, 3634], [415, 3633], [415, 3632]]
[[415, 3634], [415, 3635], [416, 3636]]
[[416, 3637], [416, 3636], [415, 3635]]
[[416, 3637], [417, 3638], [418, 3639]]
[[419, 3493], [419, 3494]]
[[427, 3528], [426, 3527], [425, 3526]]
[[427, 3528], [428, 3529], [429, 3530]]
[[425, 3526], [424, 3525], [423, 3525]]
[[422, 3640], [423, 3640], [424, 3640], [425, 3640], [426, 3640], [427, 3640], [428, 3640], [429, 3641], [430, 3642]]
[[434, 2224], [434, 2225]]
[[432, 3464], [432, 3463]]
[[434, 3528], [435, 3529], [435, 3530], [436, 3531], [436, 3532]]
[[434, 3461], [434, 3460], [434, 3459], [434, 3458]]
[[437, 3642], [438, 3641], [439, 3641], [440, 3640], [441, 3640], [442, 3639], [443, 3639]]
[[442, 3360], [442, 3361], [442, 3362]]
[[442, 3360], [443, 3359], [443, 3358]]
[[442, 3363], [442, 3362], [442, 3361]]
[[442, 3363], [442, 3364], [442, 3365]]
[[443, 3358], [443, 3357], [443, 3356]]
[[442, 3366], [442, 3365], [442, 3364]]
[[442, 3366], [442, 3367], [442, 3368]]
[[442, 3372], [442, 3371], [442, 3370]]
[[442, 3372], [442, 3373], [442, 3374]]
[[442, 3369], [442, 3368], [442, 3367]]
[[442, 3369], [442, 3370], [442, 3371]]
[[442, 3375], [442, 3374], [442, 3373]]
[[442, 3376], [442, 3375], [442, 3374]]
[[439, 3458], [438, 3458]]
[[443, 3458], [442, 3458]]
[[443, 3467], [444, 3467], [445, 3468], [446, 3467]]
[[449, 2252], [448, 2251]]
[[452, 1920], [451, 1919], [451, 1918]]
[[450, 3475], [449, 3474]]
[[455, 3466], [455, 3467], [456, 3468]]
[[457, 3470], [456, 3469], [456, 3468]]
[[459, 3611], [459, 3612], [458, 3613]]
[[459, 3611], [460, 3610], [461, 3610]]
[[459, 3614], [458, 3613], [459, 3612]]
[[465, 3609], [464, 3609], [463, 3610]]
[[465, 3609], [466, 3609], [467, 3609]]
[[473, 3610], [472, 3609], [471, 3609]]
[[473, 3610], [474, 3610], [474, 3611], [474, 3612]]
[[473, 3610], [474, 3611], [474, 3610]]
[[467, 3609], [468, 3609], [469, 3609]]
[[475, 3610], [474, 3610], [473, 3610]]
[[475, 3610], [474, 3611], [473, 3610]]
[[469, 3609], [470, 3609], [471, 3609]]
[[474, 3614], [474, 3613], [474, 3612]]
[[461, 3610], [462, 3610], [463, 3610]]
[[474, 3615], [474, 3614], [474, 3613]]
[[461, 1945], [461, 1944], [461, 1943]]
[[463, 3591], [464, 3591], [465, 3591], [466, 3592]]
[[464, 3628], [463, 3628], [462, 3627], [462, 3626]]
[[463, 4006], [464, 4006]]
[[464, 3644], [465, 3645]]
[[467, 2192], [466, 2193]]
[[472, 1913], [471, 1913], [470, 1913], [469, 1913], [468, 1913], [467, 1913]]
[[468, 1879], [469, 1880]]
[[469, 3315], [469, 3314], [470, 3313]]
[[469, 3315], [469, 3316], [469, 3317]]
[[469, 3315], [470, 3316], [469, 3316]]
[[472, 3316], [471, 3316], [470, 3316], [469, 3315]]
[[472, 3316], [473, 3316], [474, 3316]]
[[474, 3312], [473, 3312], [472, 3312]]
[[474, 3312], [475, 3313], [475, 3314]]
[[475, 3315], [474, 3316], [473, 3316]]
[[475, 3315], [475, 3314], [475, 3313]]
[[475, 3315], [476, 3314], [475, 3313]]
[[472, 3312], [471, 3312], [470, 3313]]
[[475, 3314], [476, 3314], [475, 3313]]
[[469, 3317], [470, 3316], [469, 3315]]
[[477, 3314], [476, 3314], [475, 3313]]
[[471, 3030], [470, 3031], [470, 3032]]
[[470, 3033], [470, 3032], [470, 3031]]
[[472, 3579], [472, 3580], [472, 3581], [472, 3582]]
[[474, 1883], [475, 1884], [476, 1884]]
[[479, 3301], [478, 3302], [478, 3303], [477, 3304]]
[[478, 3304], [478, 3303], [477, 3304]]
[[478, 3304], [479, 3304], [478, 3303], [477, 3304]]
[[479, 3304], [480, 3305], [481, 3306]]
[[477, 3304], [478, 3304], [478, 3303], [478, 3302]]
[[473, 3618], [473, 3617]]
[[476, 3552], [475, 3551], [474, 3551]]
[[478, 1817], [478, 1816]]
[[478, 1903], [478, 1904]]
[[477, 3573], [477, 3572]]
[[479, 3970], [479, 3971]]
[[481, 1808], [481, 1807]]
[[481, 3993], [482, 3992], [483, 3991], [483, 3990]]
[[481, 4014], [481, 4015]]
[[482, 2892], [483, 2892]]
[[484, 2952], [484, 2953], [484, 2954], [484, 2955], [484, 2956]]
[[483, 3014], [483, 3015]]
[[486, 1892], [485, 1891], [485, 1890]]
[[487, 1773], [488, 1773], [489, 1773]]
[[485, 1918], [486, 1918]]
[[499, 3418], [498, 3417], [498, 3416]]
[[499, 3418], [498, 3418], [497, 3419]]
[[499, 3418], [500, 3418], [501, 3419]]
[[502, 3420], [501, 3419], [500, 3418]]
[[502, 3420], [503, 3421], [504, 3422]]
[[498, 3401], [497, 3400], [497, 3399]]
[[498, 3401], [498, 3402], [498, 3403]]
[[498, 3401], [499, 3401], [498, 3402]]
[[498, 3407], [498, 3406], [498, 3405]]
[[498, 3407], [498, 3408], [498, 3409]]
[[498, 3404], [498, 3403], [498, 3402]]
[[498, 3404], [498, 3405], [498, 3406]]
[[498, 3410], [498, 3409], [498, 3408]]
[[498, 3410], [498, 3411], [498, 3412]]
[[492, 3424], [492, 3423], [493, 3422]]
[[492, 3424], [492, 3425], [492, 3426]]
[[500, 3401], [499, 3401], [498, 3401]]
[[500, 3401], [501, 3401], [502, 3401]]
[[503, 3400], [502, 3401], [501, 3401]]
[[503, 3400], [503, 3401], [502, 3401]]
[[503, 3400], [504, 3399], [505, 3398]]
[[498, 3413], [498, 3412], [498, 3411]]
[[498, 3413], [498, 3414], [498, 3415]]
[[498, 3416], [498, 3415], [498, 3414]]
[[497, 3396], [497, 3395], [498, 3394]]
[[497, 3396], [497, 3397], [497, 3398]]
[[505, 3403], [504, 3402], [503, 3401]]
[[505, 3403], [506, 3404], [507, 3405]]
[[507, 3425], [506, 3424], [505, 3423]]
[[508, 3426], [507, 3425], [506, 3424]]
[[497, 3399], [497, 3398], [497, 3397]]
[[494, 3421], [493, 3422], [492, 3423]]
[[494, 3421], [495, 3420], [496, 3419]]
[[507, 3397], [506, 3397], [505, 3398]]
[[504, 3422], [505, 3423], [506, 3424]]
[[498, 3418], [498, 3417], [498, 3416]]
[[497, 3419], [496, 3419], [495, 3420]]
[[508, 3397], [507, 3397], [506, 3397]]
[[508, 3406], [507, 3405], [506, 3404]]
[[499, 3342], [498, 3341], [497, 3340]]
[[499, 3342], [500, 3343], [501, 3344]]
[[502, 3362], [502, 3361], [502, 3360]]
[[502, 3362], [502, 3363], [502, 3364]]
[[503, 3367], [503, 3366], [503, 3365]]
[[503, 3367], [504, 3368], [504, 3369]]
[[501, 3345], [501, 3344], [500, 3343]]
[[501, 3345], [501, 3346], [501, 3347]]
[[501, 3351], [501, 3350], [501, 3349]]
[[501, 3351], [501, 3352], [501, 3353]]
[[501, 3351], [502, 3351], [501, 3350]]
[[505, 3370], [504, 3369], [504, 3368]]
[[505, 3370], [506, 3371], [506, 3372]]
[[510, 3385], [509, 3384], [508, 3383]]
[[510, 3385], [510, 3386], [510, 3387]]
[[501, 3348], [501, 3347], [501, 3346]]
[[501, 3348], [501, 3349], [501, 3350]]
[[495, 3338], [494, 3338], [493, 3338]]
[[495, 3338], [496, 3339], [497, 3340]]
[[501, 3354], [501, 3353], [501, 3352]]
[[501, 3354], [501, 3355], [501, 3356]]
[[505, 3379], [505, 3378], [505, 3377]]
[[505, 3379], [506, 3380], [507, 3381]]
[[505, 3376], [505, 3375], [505, 3374]]
[[505, 3376], [505, 3377], [505, 3378]]
[[501, 3357], [501, 3356], [501, 3355]]
[[501, 3357], [501, 3358], [501, 3359]]
[[512, 3391], [511, 3390], [510, 3389]]
[[507, 3382], [507, 3381], [506, 3380]]
[[507, 3382], [508, 3383], [509, 3384]]
[[506, 3372], [506, 3373], [505, 3374]]
[[510, 3387], [510, 3388], [510, 3389]]
[[503, 3351], [502, 3351], [501, 3350]]
[[503, 3351], [504, 3351], [505, 3351]]
[[491, 3337], [492, 3338], [493, 3338]]
[[502, 3364], [503, 3365], [503, 3366]]
[[501, 3359], [502, 3360], [502, 3361]]
[[490, 3337], [491, 3337], [492, 3338]]
[[501, 3352], [502, 3351], [501, 3350]]
[[506, 3351], [505, 3351], [504, 3351]]
[[510, 3633], [509, 3632], [508, 3632]]
[[510, 3633], [511, 3634], [512, 3635]]
[[493, 3620], [492, 3619], [491, 3618]]
[[493, 3620], [493, 3621], [494, 3622]]
[[491, 3616], [491, 3617], [491, 3618]]
[[508, 3632], [507, 3632], [506, 3631]]
[[498, 3625], [497, 3624], [496, 3624]]
[[498, 3625], [499, 3626], [500, 3627]]
[[517, 3638], [516, 3638], [515, 3637]]
[[517, 3638], [518, 3639], [519, 3640]]
[[526, 3647], [525, 3646], [524, 3645]]
[[526, 3647], [527, 3647], [528, 3648]]
[[534, 3648], [533, 3648], [532, 3648]]
[[534, 3648], [535, 3648], [536, 3648]]
[[536, 3648], [537, 3648], [538, 3648]]
[[502, 3628], [501, 3628], [500, 3627]]
[[502, 3628], [503, 3629], [504, 3630]]
[[540, 3648], [539, 3648], [538, 3648]]
[[540, 3648], [541, 3648], [542, 3647]]
[[514, 3636], [513, 3635], [512, 3635]]
[[514, 3636], [515, 3637], [516, 3638]]
[[496, 3624], [495, 3623], [494, 3622]]
[[522, 3643], [521, 3642], [520, 3641]]
[[522, 3643], [523, 3644], [524, 3645]]
[[529, 3648], [528, 3648], [527, 3647]]
[[529, 3648], [530, 3648], [531, 3648]]
[[506, 3631], [505, 3631], [504, 3630]]
[[519, 3640], [520, 3641], [521, 3642]]
[[531, 3648], [532, 3648], [533, 3648]]
[[493, 1911], [493, 1912]]
[[500, 1887], [499, 1887], [498, 1888]]
[[500, 1887], [501, 1887], [502, 1887]]
[[496, 1890], [497, 1889], [498, 1888]]
[[503, 1888], [502, 1887], [501, 1887]]
[[504, 1888], [503, 1888], [502, 1887]]
[[496, 1891], [496, 1890], [497, 1889]]
[[508, 3039], [508, 3040], [508, 3041]]
[[508, 3039], [509, 3038], [509, 3037]]
[[510, 3036], [509, 3037], [509, 3038]]
[[507, 3043], [507, 3042], [508, 3041]]
[[507, 3043], [507, 3044], [506, 3045]]
[[506, 3047], [506, 3046], [506, 3045]]
[[506, 3047], [506, 3048], [505, 3049]]
[[505, 3049], [505, 3050], [505, 3051]]
[[505, 3052], [505, 3051], [505, 3050]]
[[505, 3052], [505, 3053], [506, 3054]]
[[506, 3059], [506, 3058], [506, 3057]]
[[506, 3059], [506, 3060], [507, 3061]]
[[506, 3056], [506, 3055], [506, 3054]]
[[506, 3056], [506, 3057], [506, 3058]]
[[508, 3112], [507, 3111], [506, 3110]]
[[508, 3112], [508, 3111], [507, 3111]]
[[508, 3112], [508, 3113], [508, 3114]]
[[510, 3109], [509, 3110], [508, 3111]]
[[510, 3109], [511, 3108], [512, 3107]]
[[510, 3118], [510, 3117], [509, 3116]]
[[510, 3118], [510, 3119], [510, 3120]]
[[506, 3078], [505, 3079], [505, 3080]]
[[506, 3078], [506, 3077], [506, 3076]]
[[510, 3121], [510, 3120], [510, 3119]]
[[510, 3121], [510, 3122], [510, 3123]]
[[505, 3082], [505, 3081], [505, 3080]]
[[505, 3082], [505, 3083], [505, 3084]]
[[510, 3124], [510, 3123], [510, 3122]]
[[510, 3124], [510, 3125], [510, 3126]]
[[505, 3085], [505, 3084], [505, 3083]]
[[505, 3085], [505, 3086], [505, 3087]]
[[505, 3091], [505, 3092], [505, 3093]]
[[505, 3091], [506, 3090], [505, 3089]]
[[505, 3088], [505, 3087], [505, 3086]]
[[505, 3088], [505, 3089], [506, 3090]]
[[505, 3094], [505, 3093], [505, 3092]]
[[505, 3094], [505, 3095], [505, 3096]]
[[509, 3116], [509, 3115], [508, 3114]]
[[505, 3097], [505, 3096], [505, 3095]]
[[505, 3097], [505, 3098], [505, 3099]]
[[505, 3103], [505, 3102], [505, 3101]]
[[505, 3103], [505, 3104], [505, 3105]]
[[505, 3100], [505, 3099], [505, 3098]]
[[505, 3100], [505, 3101], [505, 3102]]
[[505, 3106], [505, 3105], [505, 3104]]
[[505, 3106], [505, 3107], [505, 3108]]
[[511, 3128], [511, 3127], [510, 3126]]
[[511, 3128], [511, 3129], [511, 3130]]
[[514, 3105], [513, 3106], [512, 3107]]
[[505, 3108], [506, 3109], [506, 3110]]
[[512, 3131], [511, 3130], [511, 3129]]
[[514, 3104], [514, 3105], [513, 3106]]
[[500, 1907], [501, 1906], [502, 1905]]
[[503, 1904], [502, 1905], [501, 1906]]
[[504, 1903], [503, 1904], [502, 1905]]
[[503, 1781], [503, 1782]]
[[504, 1857], [504, 1858]]
[[508, 1785], [508, 1784], [509, 1783], [510, 1782], [511, 1782], [512, 1782], [513, 1782]]
[[514, 2868], [513, 2867], [513, 2866]]
[[514, 2868], [515, 2869], [515, 2870]]
[[513, 2866], [512, 2865], [512, 2864]]
[[510, 2855], [510, 2854], [510, 2853]]
[[510, 2855], [511, 2856], [511, 2857]]
[[511, 2860], [511, 2859], [511, 2858]]
[[511, 2860], [511, 2861], [511, 2862]]
[[511, 2857], [511, 2858], [511, 2859]]
[[512, 2864], [512, 2863], [511, 2862]]
[[508, 2851], [509, 2852], [510, 2853]]
[[516, 2871], [515, 2870], [515, 2869]]
[[516, 2871], [516, 2872], [516, 2873]]
[[516, 2874], [516, 2873], [516, 2872]]
[[516, 2874], [516, 2875], [516, 2876]]
[[518, 2880], [518, 2879], [517, 2878]]
[[518, 2880], [518, 2881], [518, 2882]]
[[515, 2887], [515, 2886], [516, 2885]]
[[517, 2878], [517, 2877], [516, 2876]]
[[517, 2884], [516, 2885], [515, 2886]]
[[517, 2884], [518, 2883], [518, 2882]]
[[514, 2888], [515, 2887], [515, 2886]]
[[510, 1746], [511, 1746]]
[[511, 2207], [511, 2208], [511, 2209]]
[[513, 1886], [513, 1885]]
[[513, 3406], [512, 3405], [512, 3404]]
[[515, 1773], [516, 1773], [517, 1774], [518, 1774]]
[[516, 1848], [516, 1849], [516, 1850]]
[[517, 1847], [516, 1848], [516, 1849]]
[[518, 4241], [518, 4240], [518, 4239]]
[[520, 1789], [520, 1788], [519, 1787], [519, 1786]]
[[528, 1967], [528, 1966], [528, 1965]]
[[528, 1967], [529, 1968], [529, 1969]]
[[526, 1961], [525, 1960], [525, 1959]]
[[526, 1961], [526, 1962], [527, 1963]]
[[530, 1972], [530, 1971], [529, 1970]]
[[527, 1964], [527, 1963], [526, 1962]]
[[527, 1964], [528, 1965], [528, 1966]]
[[529, 1970], [529, 1969], [529, 1968]]
[[526, 1801], [526, 1800]]
[[536, 2061], [536, 2060], [535, 2059]]
[[536, 2061], [537, 2062], [538, 2063]]
[[538, 2064], [538, 2063], [537, 2062]]
[[538, 2064], [539, 2065], [540, 2066]]
[[535, 2058], [534, 2057], [533, 2056]]
[[535, 2058], [535, 2059], [536, 2060]]
[[532, 2055], [531, 2055], [530, 2055]]
[[532, 2055], [533, 2056], [534, 2057]]
[[538, 2030], [537, 2031], [536, 2032]]
[[538, 2030], [538, 2029], [539, 2028]]
[[541, 2024], [541, 2025], [540, 2026]]
[[541, 2024], [542, 2023], [543, 2023]]
[[532, 2034], [533, 2034], [534, 2034]]
[[539, 2028], [539, 2027], [540, 2026]]
[[534, 2034], [535, 2034], [536, 2033]]
[[536, 2033], [536, 2032], [537, 2031]]
[[531, 3311], [530, 3312], [530, 3313]]
[[531, 3311], [531, 3310], [531, 3309]]
[[531, 3308], [531, 3309], [531, 3310]]
[[530, 3318], [530, 3317], [530, 3316]]
[[530, 3315], [530, 3314], [530, 3313]]
[[530, 3315], [530, 3316], [530, 3317]]
[[533, 1459], [532, 1458], [532, 1457]]
[[533, 1459], [533, 1460], [534, 1461]]
[[534, 1464], [534, 1463], [534, 1462]]
[[534, 1461], [534, 1462], [534, 1463]]
[[535, 1465], [534, 1464], [534, 1463]]
[[532, 1979], [531, 1978], [531, 1977]]
[[532, 1979], [533, 1980], [534, 1981]]
[[535, 1983], [535, 1982], [534, 1981]]
[[535, 1983], [536, 1984], [537, 1985]]
[[537, 1906], [536, 1907], [535, 1907], [534, 1907]]
[[535, 1472], [535, 1471]]
[[535, 1802], [536, 1802], [537, 1802], [538, 1801], [539, 1801]]
[[538, 2002], [538, 2001], [538, 2000]]
[[539, 1791], [538, 1791], [537, 1790]]
[[542, 1992], [543, 1993], [544, 1993]]
[[544, 1993], [545, 1994], [546, 1995]]
[[540, 2007], [539, 2006]]
[[540, 4330], [540, 4331]]
[[541, 1901], [542, 1900], [543, 1899], [544, 1899]]
[[550, 1790], [549, 1791], [548, 1792]]
[[550, 1790], [551, 1790], [552, 1789]]
[[552, 1789], [553, 1788], [554, 1787]]
[[550, 3642], [550, 3643], [550, 3644]]
[[552, 3647], [551, 3646], [550, 3645]]
[[550, 3645], [549, 3645], [548, 3646], [547, 3646]]
[[550, 3645], [550, 3644], [549, 3645]]
[[550, 1475], [551, 1476]]
[[552, 1994], [553, 1994]]
[[559, 1987], [558, 1986], [557, 1985]]
[[559, 1987], [560, 1987], [561, 1987]]
[[557, 1981], [557, 1980], [557, 1979]]
[[557, 1981], [557, 1982], [557, 1983]]
[[563, 1985], [562, 1986], [561, 1987]]
[[557, 1984], [557, 1983], [557, 1982]]
[[557, 1984], [557, 1985], [558, 1986]]
[[557, 4061], [558, 4062], [559, 4062]]
[[560, 4062], [559, 4062], [558, 4062]]
[[560, 4062], [559, 4063], [558, 4062]]
[[560, 4062], [561, 4062], [562, 4062]]
[[560, 4064], [559, 4063], [558, 4062]]
[[557, 4060], [557, 4061], [558, 4062]]
[[559, 4062], [559, 4063], [558, 4062]]
[[558, 2000], [559, 2000]]
[[561, 1799], [561, 1798], [562, 1797]]
[[561, 1799], [561, 1800], [560, 1801]]
[[560, 1806], [560, 1805], [560, 1804]]
[[560, 1806], [560, 1807], [560, 1808]]
[[560, 1803], [560, 1802], [560, 1801]]
[[560, 1803], [560, 1804], [560, 1805]]
[[560, 1809], [560, 1808], [560, 1807]]
[[560, 1809], [560, 1810], [560, 1811]]
[[559, 1813], [559, 1814], [559, 1815]]
[[559, 1813], [560, 1812], [560, 1811]]
[[559, 1816], [559, 1815], [559, 1814]]
[[559, 1816], [559, 1817], [559, 1818]]
[[559, 1819], [559, 1818], [559, 1817]]
[[559, 1819], [559, 1820], [559, 1821]]
[[559, 1822], [559, 1821], [559, 1820]]
[[561, 1466], [561, 1467]]
[[568, 1844], [568, 1843], [568, 1842]]
[[568, 1844], [568, 1845], [568, 1846]]
[[562, 1836], [561, 1835], [561, 1834]]
[[562, 1836], [563, 1837], [564, 1838]]
[[568, 1841], [567, 1840], [566, 1840]]
[[568, 1841], [568, 1842], [568, 1843]]
[[560, 1833], [560, 1832], [560, 1831]]
[[560, 1833], [561, 1834], [561, 1835]]
[[565, 1839], [564, 1838], [563, 1837]]
[[565, 1839], [566, 1840], [567, 1840]]
[[559, 1830], [560, 1831], [560, 1832]]
[[573, 2163], [572, 2164], [571, 2165]]
[[573, 2163], [574, 2163], [575, 2162]]
[[578, 2162], [577, 2162], [576, 2162]]
[[578, 2162], [579, 2162], [580, 2161]]
[[576, 2162], [575, 2162], [574, 2163]]
[[567, 2168], [566, 2169], [565, 2170]]
[[567, 2168], [568, 2168], [569, 2167]]
[[565, 2170], [564, 2170], [563, 2170]]
[[581, 2160], [580, 2161], [579, 2162]]
[[581, 2160], [582, 2159], [583, 2159]]
[[571, 2165], [570, 2166], [569, 2167]]
[[563, 2170], [562, 2170], [561, 2171]]
[[584, 2158], [583, 2159], [582, 2159]]
[[564, 4355], [563, 4355]]
[[564, 1977], [565, 1976], [566, 1976], [567, 1976], [568, 1976], [569, 1975], [570, 1975]]
[[567, 2191], [568, 2191], [569, 2192]]
[[571, 2195], [570, 2194], [570, 2193]]
[[571, 2195], [572, 2196], [573, 2196]]
[[566, 2191], [567, 2191], [568, 2191]]
[[574, 2196], [573, 2196], [572, 2196]]
[[569, 2192], [570, 2193], [570, 2194]]
[[579, 1465], [578, 1465], [577, 1464], [576, 1464], [575, 1463], [574, 1463], [573, 1463], [572, 1462], [571, 1462], [570, 1461], [569, 1461]]
[[567, 4058], [568, 4058], [569, 4058]]
[[575, 1976], [576, 1976]]
[[605, 1472], [604, 1472], [603, 1472]]
[[605, 1472], [606, 1472], [607, 1472]]
[[585, 1469], [586, 1468], [587, 1468]]
[[613, 1473], [612, 1473], [611, 1473]]
[[601, 1471], [600, 1470], [599, 1469]]
[[601, 1471], [602, 1471], [603, 1472]]
[[590, 1468], [589, 1468], [588, 1467]]
[[590, 1468], [591, 1468], [592, 1468]]
[[593, 1467], [592, 1468], [591, 1468]]
[[593, 1467], [594, 1467], [595, 1466]]
[[607, 1472], [608, 1473], [609, 1473]]
[[598, 1469], [597, 1468], [596, 1467]]
[[598, 1469], [599, 1469], [600, 1470]]
[[588, 1467], [587, 1468], [586, 1468]]
[[610, 1473], [609, 1473], [608, 1473]]
[[610, 1473], [611, 1473], [612, 1473]]
[[584, 1469], [585, 1469], [586, 1468]]
[[595, 1466], [596, 1467], [597, 1468]]
[[614, 1472], [613, 1473], [612, 1473]]
[[583, 4353], [584, 4352]]
[[584, 4359], [584, 4358]]
[[586, 2135], [585, 2136], [585, 2137]]
[[586, 2135], [586, 2134], [587, 2133]]
[[585, 2138], [585, 2137], [585, 2136]]
[[585, 2138], [585, 2139], [585, 2140]]
[[585, 4005], [586, 4004]]
[[587, 1974], [587, 1975]]
[[589, 1441], [590, 1442]]
[[590, 4343], [590, 4344]]
[[592, 4348], [592, 4349]]
[[598, 1976], [597, 1976], [596, 1975], [595, 1974]]
[[595, 2090], [595, 2091]]
[[594, 4021], [593, 4020]]
[[595, 4305], [596, 4305]]
[[597, 1425], [598, 1424], [598, 1423]]
[[598, 1449], [598, 1450]]
[[600, 4021], [600, 4022]]
[[611, 1889], [610, 1889], [609, 1889]]
[[611, 1889], [612, 1890], [613, 1891]]
[[616, 1895], [615, 1894], [614, 1893]]
[[616, 1895], [617, 1896], [618, 1896]]
[[614, 1892], [613, 1891], [612, 1890]]
[[614, 1892], [614, 1893], [615, 1894]]
[[619, 1897], [618, 1896], [617, 1896]]
[[608, 1888], [609, 1889], [610, 1889]]
[[611, 1778], [612, 1778], [613, 1777], [614, 1778], [615, 1778], [616, 1778]]
[[614, 1781], [613, 1781]]
[[620, 1791], [620, 1790], [619, 1789], [619, 1788]]
[[621, 1786], [622, 1787], [622, 1788]]
[[623, 1789], [622, 1788], [622, 1787]]
[[623, 1789], [623, 1790], [623, 1791]]
[[622, 1800], [622, 1799], [622, 1798]]
[[622, 1800], [622, 1801], [622, 1802]]
[[623, 1792], [623, 1791], [623, 1790]]
[[623, 1792], [623, 1793], [623, 1794]]
[[623, 1795], [623, 1794], [623, 1793]]
[[623, 1795], [623, 1796], [623, 1797]]
[[622, 1798], [623, 1797], [623, 1796]]
[[621, 1803], [622, 1802], [622, 1801]]
[[632, 1047], [631, 1046], [631, 1045]]
[[632, 1047], [632, 1048], [633, 1049]]
[[633, 1049], [634, 1050], [635, 1050]]
[[642, 1067], [642, 1068]]
[[653, 1186], [653, 1185]]
[[656, 1444], [657, 1443], [657, 1442]]
[[658, 1434], [659, 1434], [660, 1434], [661, 1435], [662, 1435], [663, 1435]]
[[664, 1440], [664, 1439]]
[[677, 922], [678, 922], [679, 922], [680, 923]]
[[680, 752], [680, 753]]
[[699, 724], [700, 723], [701, 722]]
[[702, 721], [701, 722], [700, 723]]
[[702, 721], [702, 720], [702, 719]]
[[698, 725], [699, 724], [700, 723]]
[[703, 718], [702, 719], [702, 720]]
[[709, 712], [709, 713]]
[[715, 715], [715, 716]]
[[719, 963], [719, 964]]
[[719, 727], [719, 728]]
[[723, 723], [724, 723]]
[[724, 1058], [724, 1059]]
[[723, 1491], [723, 1490]]
[[731, 1059], [732, 1059]]
[[743, 1119], [743, 1120]]
[[746, 724], [746, 725]]
[[746, 1058], [746, 1059]]
[[745, 1096], [745, 1095], [745, 1094]]
[[745, 1096], [745, 1097], [745, 1098]]
[[747, 1092], [746, 1093], [745, 1094]]
[[747, 1092], [747, 1091], [748, 1090]]
[[749, 1089], [748, 1090], [747, 1091]]
[[749, 1089], [749, 1088], [750, 1087]]
[[757, 1060], [756, 1060], [755, 1060], [754, 1060]]
[[757, 743], [756, 743]]
[[762, 728], [761, 728], [760, 728]]
[[762, 728], [763, 729], [764, 730]]
[[764, 730], [764, 731], [764, 732]]
[[764, 733], [763, 734], [762, 735]]
[[764, 733], [764, 732], [764, 731]]
[[760, 738], [760, 737], [761, 736]]
[[759, 728], [760, 728], [761, 728]]
[[761, 736], [762, 735], [763, 734]]
[[764, 1069], [764, 1070], [764, 1071]]
[[764, 1075], [764, 1076], [764, 1077]]
[[765, 1093], [764, 1092], [764, 1091], [764, 1090], [764, 1089], [765, 1088]]
[[765, 721], [766, 721], [767, 721], [768, 721], [769, 721], [770, 721], [771, 721], [772, 722], [773, 722], [774, 722]]
[[769, 1063], [769, 1064]]
[[793, 1074], [792, 1074], [791, 1074]]
[[793, 1074], [794, 1073], [795, 1073]]
[[797, 1074], [796, 1073], [795, 1073]]
[[797, 1074], [798, 1074], [799, 1074]]
[[775, 1080], [774, 1080], [773, 1079]]
[[775, 1080], [776, 1080], [777, 1079]]
[[781, 1075], [780, 1076], [779, 1076]]
[[781, 1075], [782, 1075], [783, 1075]]
[[783, 1075], [784, 1076], [785, 1076]]
[[771, 1079], [772, 1079], [773, 1079]]
[[788, 1077], [787, 1076], [786, 1076]]
[[788, 1077], [788, 1076], [787, 1076], [786, 1076]]
[[790, 1074], [789, 1074], [788, 1075]]
[[790, 1074], [791, 1074], [792, 1074]]
[[774, 1081], [774, 1080], [773, 1079]]
[[774, 1081], [775, 1080], [774, 1080]]
[[786, 1076], [785, 1076], [784, 1076]]
[[788, 1076], [788, 1075], [787, 1076], [786, 1076]]
[[777, 1079], [777, 1078], [778, 1077]]
[[778, 1077], [779, 1076], [780, 1076]]
[[771, 1086], [770, 1085]]
[[785, 705], [784, 706], [783, 706]]
[[785, 705], [786, 704], [786, 703]]
[[776, 711], [776, 712], [776, 713]]
[[776, 711], [777, 710], [778, 710]]
[[790, 701], [789, 701], [788, 701]]
[[790, 701], [791, 700], [792, 699]]
[[786, 703], [786, 702], [787, 701]]
[[779, 709], [778, 710], [777, 710]]
[[779, 709], [780, 709], [781, 708]]
[[787, 701], [788, 701], [789, 701]]
[[783, 706], [782, 707], [781, 708]]
[[775, 714], [776, 713], [776, 712]]
[[793, 698], [792, 699], [791, 700]]
[[779, 439], [779, 440]]
[[791, 520], [791, 521]]
[[794, 684], [795, 684], [795, 685], [795, 686]]
[[794, 684], [795, 685], [795, 684]]
[[795, 686], [795, 687], [795, 688]]
[[802, 684], [801, 684], [800, 684]]
[[795, 689], [795, 688], [795, 687]]
[[796, 684], [795, 684], [794, 684]]
[[796, 684], [795, 685], [794, 684]]
[[796, 684], [797, 685], [798, 685]]
[[799, 684], [798, 685], [797, 685]]
[[799, 684], [800, 684], [801, 684]]
[[805, 1064], [804, 1065], [804, 1066], [803, 1067], [802, 1068], [802, 1069], [802, 1070]]
[[808, 387], [808, 388], [808, 389]]
[[812, 683], [813, 682], [814, 682]]
[[820, 680], [819, 681], [818, 681]]
[[820, 680], [821, 680], [822, 680]]
[[818, 681], [817, 681], [816, 681]]
[[823, 680], [822, 680], [821, 680]]
[[815, 681], [814, 682], [813, 682]]
[[815, 681], [816, 681], [817, 681]]
[[811, 684], [812, 683], [813, 682]]
[[809, 1059], [809, 1060], [809, 1061], [810, 1062], [809, 1063]]
[[813, 408], [812, 409], [811, 410], [810, 410]]
[[810, 439], [810, 440]]
[[809, 1057], [809, 1056], [809, 1055], [809, 1054]]
[[811, 417], [811, 418]]
[[811, 430], [811, 431], [811, 432]]
[[813, 530], [814, 531], [815, 531]]
[[820, 964], [820, 963], [820, 962]]
[[820, 964], [821, 965], [822, 965]]
[[814, 953], [813, 952], [813, 951]]
[[814, 953], [814, 954], [815, 955]]
[[819, 959], [819, 958], [818, 957]]
[[819, 959], [819, 960], [820, 961]]
[[813, 950], [813, 951], [813, 952]]
[[818, 957], [817, 956], [816, 956]]
[[820, 961], [820, 962], [820, 963]]
[[815, 955], [816, 956], [817, 956]]
[[815, 900], [816, 899]]
[[814, 1052], [813, 1052]]
[[816, 451], [816, 452], [816, 453]]
[[817, 1053], [817, 1052], [818, 1051], [819, 1050], [820, 1049], [820, 1048]]
[[819, 911], [818, 911]]
[[819, 929], [820, 928], [821, 928]]
[[824, 1043], [824, 1042], [825, 1041]]
[[828, 1040], [827, 1041], [826, 1041]]
[[826, 1041], [825, 1041], [824, 1042]]
[[827, 917], [828, 918]]
[[828, 968], [828, 967], [827, 966], [826, 965]]
[[833, 880], [832, 881], [832, 882]]
[[835, 920], [834, 920]]
[[845, 683], [844, 682], [843, 682], [842, 682], [841, 683], [840, 683], [839, 683], [838, 683], [837, 683]]
[[837, 875], [837, 874]]
[[845, 871], [844, 872]]
[[850, 870], [849, 869]]
[[855, 659], [854, 659]]
[[855, 909], [854, 908], [854, 907]]
[[855, 909], [855, 910], [855, 911]]
[[855, 915], [855, 914], [855, 913]]
[[855, 912], [855, 911], [855, 910]]
[[855, 912], [855, 913], [855, 914]]
[[853, 905], [853, 904], [853, 903]]
[[853, 905], [853, 906], [854, 907]]
[[858, 901], [857, 901], [856, 901]]
[[858, 901], [859, 900], [860, 900]]
[[856, 901], [855, 901], [854, 902]]
[[855, 916], [855, 915], [855, 914]]
[[853, 903], [854, 902], [855, 901]]
[[855, 509], [855, 510], [855, 511]]
[[855, 508], [855, 509], [855, 510]]
[[853, 677], [854, 676]]
[[856, 750], [855, 751], [855, 752]]
[[856, 750], [856, 749], [856, 748]]
[[854, 757], [854, 756], [854, 755]]
[[856, 746], [856, 745], [856, 744]]
[[856, 746], [856, 747], [856, 748]]
[[855, 752], [855, 753], [855, 754]]
[[854, 755], [855, 754], [855, 753]]
[[855, 520], [855, 521], [855, 522], [856, 523]]
[[855, 950], [855, 951], [855, 952], [855, 953]]
[[861, 934], [860, 935], [861, 936]]
[[861, 934], [861, 933], [862, 932]]
[[863, 931], [862, 932], [861, 933]]
[[867, 676], [866, 676], [865, 676], [864, 676], [863, 676], [862, 675], [861, 675], [860, 676], [859, 676]]
[[862, 550], [862, 551]]
[[868, 897], [867, 897], [866, 897]]
[[871, 537], [870, 536], [869, 535]]
[[871, 537], [871, 538], [872, 539]]
[[867, 725], [867, 726]]
[[871, 767], [870, 767], [869, 766], [868, 766]]
[[870, 893], [869, 892], [869, 891]]
[[871, 712], [871, 711], [871, 710]]
[[872, 723], [871, 723]]
[[881, 1016], [880, 1015], [879, 1014]]
[[879, 1014], [878, 1014], [877, 1013]]
[[882, 1002], [881, 1002], [880, 1002], [879, 1003], [878, 1004], [877, 1005], [876, 1006], [876, 1007]]
[[880, 595], [880, 596]]
[[880, 694], [879, 693]]
[[883, 888], [884, 887], [884, 886]]
[[883, 889], [883, 888], [884, 887]]
[[888, 663], [887, 664], [886, 664]]
[[888, 663], [889, 663], [890, 663]]
[[902, 656], [902, 655], [902, 654]]
[[902, 656], [902, 657], [901, 658]]
[[891, 662], [890, 663], [889, 663]]
[[891, 662], [892, 662], [893, 662]]
[[893, 662], [894, 662], [895, 662]]
[[898, 661], [897, 662], [896, 662]]
[[898, 661], [898, 662], [897, 662]]
[[898, 661], [899, 660], [900, 660]]
[[899, 663], [898, 662], [897, 662]]
[[895, 662], [896, 662], [897, 662]]
[[901, 659], [900, 660], [899, 660]]
[[901, 659], [901, 658], [902, 657]]
[[903, 653], [902, 654], [902, 655]]
[[886, 664], [885, 665], [884, 666]]
[[886, 1022], [886, 1021], [885, 1020]]
[[890, 761], [889, 760]]
[[912, 803], [911, 802]]
[[911, 805], [911, 804]]
[[914, 810], [913, 809]]
[[946, 808], [945, 807]]
[[949, 838], [948, 837], [948, 836]]
